0
0.0702139633839173
0.101048313083593
0.16524370196238
0.242362068845576
0.359956226641494
0.622239866995125
0.962315727226938
1.51862464926391
2.00027036508494
2.439416641233
2.84873655542897
3.23485699488041
3.60180508021277
3.9522752223164
4.28819701428175
4.61102481650223
5.22174595073524
5.79131586723662
6.06226150973769
6.3246699423016
6.82561719372267
7.29725529780388
7.74220186851895
8.16273243593058
8.36448131823903
8.56086726187265
8.93842835189841
9.29707823615504
9.63834713858367
9.9636524948937
10.1207345565877
10.2743132806563
10.5715607297933
10.856546487074
11.1303489010385
11.3939779460566
11.5222753517319
11.6483791182275
11.8944365525189
12.1329755414949
12.5905170986108
13.0264987801619
