"Clarke, E. C. W., & Glew, D. N. (1985). "																		apparent molal relative heat capacity									
													J/mol					J/K/mol									
b (mol/kg)	phi (0¡C)	phi (5¡C)	phi (15¡C)	phi (25¡C)	phi (40¡C)	phi (60¡C)	gamma (0¡C)	gamma (10¡C)	gamma (15¡C)	gamma (25¡C)	gamma (40¡C)	gamma (60¡C)	Lphi (0¡C)	Lphi (10¡C)	Lphi (25¡C)	Lphi (40¡C)	Lphi(60¡C)	Cpphi (0¡C)	Cpphi (10¡C)	Cpphi (25¡C)	Cpphi (40¡C)	Cpphi (60¡C)	Jphi (0¡C)	Jphi (10¡C)	Jphi (25¡C)	Jphi (40¡C)	Jphi (60¡C)
0	1	1	1	1	1	1	1	1	1	1	1	1	0	0	0	0	0	-183.8	-129.79	-83.95	-64.434	-58.65	0	0	0	0	0
0.001	0.98882	0.98874	0.98858	0.9884	0.98809	0.98763	0.96632	0.96584	0.96558	0.96503	0.96413	0.96275	40.55	47.61	59.19	72.89	95.73	-183.11	-129.07	-83.12	-63.432	-57.36	-0.69	-0.72	-0.83	-1.002	-1.29
0.002	0.98458	0.98449	0.98427	0.98402	0.98361	0.98298	0.95347	0.95284	0.95259	0.95175	0.95052	0.94864	54.62	65.18	81.94	101.36	133.51	-182.74	-128.73	-82.76	-63.019	-56.84	-1.06	-1.06	-1.19	-1.415	-1.81
0.005	0.9768	0.97668	0.97639	0.97604	0.97544	0.97449	0.92969	0.92882	0.92833	0.92726	0.92546	0.92268	78	96.45	124.11	155.02	205.4	-181.9	-127.98	-82.03	-62.203	-55.82	-1.9	-1.81	-1.92	-2.231	-2.83
0.01	0.96894	0.96881	0.96847	0.96804	0.96726	0.96601	0.90532	0.90427	0.90366	0.90231	0.89997	0.89632	97.39	126.17	167.08	211.15	281.77	-180.76	-127.03	-81.18	-61.285	-54.7	-3.04	-2.76	-2.77	-3.149	-3.95
0.02	0.95925	0.95916	0.95881	0.95832	0.95736	0.95576	0.87464	0.87351	0.87279	0.87114	0.8682	0.86353	112.9	158.68	220.02	283.1	381.93	-178.83	-125.52	-79.91	-59.985	-53.16	-4.97	-4.27	-4.04	-4.449	-5.49
0.05	0.94408	0.94418	0.94403	0.94357	0.94247	0.94041	0.82428	0.82339	0.82265	0.82074	0.81707	0.81094	105.6	192.45	299.77	402.25	556.2	-174.08	-121.96	-77.181	-57.375	-50.21	-9.72	-7.83	-6.769	-7.059	-8.44
0.1	0.93184	0.93232	0.93269	0.9325	0.93151	0.92925	0.77998	0.77986	0.77931	0.77753	0.77356	0.76644	43.2	186.1	353.15	503.02	718.9	-167.5	-117.18	-73.778	-54.342	-46.98	-16.3	-12.61	-10.172	-10.092	-11.67
0.2	0.92056	0.92183	0.92334	0.92387	0.92344	0.92131	0.73269	0.73432	0.73435	0.73325	0.72954	0.7218	-129.1	107.1	370.81	593.64	898.8	-156.49	-109.3	-68.392	-49.818	-42.46	-27.31	-20.49	-15.558	-14.616	-16.19
0.3	0.91527	0.9173	0.91994	0.92123	0.92149	0.91972	0.70493	0.70829	0.70892	0.70865	0.70552	0.69772	-318.3	-2	344.62	628	1004	-147.05	-102.52	-63.835	-46.127	-38.961	-36.75	-27.27	-20.115	-18.307	-19.689
0.4	0.91254	0.91528	0.91901	0.92106	0.92203	0.92069	0.68579	0.69079	0.69201	0.69261	0.69016	0.68251	-510.5	-122.3	299.05	636.6	1074.4	-138.59	-96.42	-59.732	-42.861	-35.96	-45.21	-33.37	-24.218	-21.573	-22.69
0.5	0.91128	0.91469	0.91945	0.92224	0.92391	0.92301	0.67159	0.67814	0.67994	0.68139	0.67965	0.67225	-701.5	-247.1	243.2	630.7	1124.5	-130.86	-90.79	-55.938	-39.868	-33.266	-52.94	-39	-28.012	-24.566	-25.384
0.6	0.91101	0.91504	0.92079	0.92427	0.92662	0.92617	0.66061	0.66863	0.67099	0.67328	0.67226	0.66516	-889.4	-373.6	181.3	615.6	1161.4	-123.69	-85.54	-52.378	-37.074	-30.788	-60.11	-44.25	-31.572	-27.36	-27.862
0.7	0.91148	0.9161	0.92276	0.92691	0.92992	0.92989	0.65193	0.66136	0.66426	0.66735	0.66706	0.66027	-1073.5	-500	115.9	594.5	1189	-116.99	-80.6	-49.007	-34.435	-28.472	-66.81	-49.19	-34.943	-29.999	-30.178
0.8	0.91254	0.91771	0.92524	0.93002	0.93365	0.93403	0.645	0.65576	0.65917	0.66306	0.66347	0.65701	-1253.3	-625	48.4	569.3	1210	-110.68	-75.92	-45.796	-31.924	-26.285	-73.12	-53.87	-38.154	-32.51	-32.365
0.9	0.9141	0.91978	0.92813	0.9335	0.93771	0.9385	0.63944	0.65148	0.65539	0.66004	0.66114	0.655	-1428.7	-749.2	-20.1	541.2	1226.1	-104.71	-71.47	-42.724	-29.521	-24.204	-79.09	-58.32	-41.226	-34.913	-34.446
1	0.9161	0.92225	0.93137	0.93729	0.94206	0.94322	0.63501	0.64828	0.65266	0.65805	0.65983	0.65401	-1599.7	-871	-88.9	511.1	1238.3	-99.05	-67.22	-39.776	-27.214	-22.214	-84.75	-62.57	-44.174	-37.22	-36.436
1.2	0.92129	0.92823	0.93873	0.94567	0.95144	0.95326	0.62884	0.64442	0.64972	0.65652	0.65959	0.65438	-1928.2	-1107.8	-226	447.5	1254.7	-88.51	-59.26	-34.202	-22.844	-18.459	-95.29	-70.53	-49.748	-41.59	-40.191
1.4	0.92761	0.93538	0.94708	0.95491	0.96156	0.96393	0.62553	0.64326	0.64941	0.65753	0.66182	0.65717	-2239.3	-1334.6	-360.8	381.8	1263.9	-78.87	-51.9	-29.004	-18.754	-14.953	-104.93	-77.89	-54.946	-45.68	-43.697
1.5	0.93123	0.93934	0.95158	0.9598	0.96684	0.96916	0.62475	0.64351	0.65006	0.65882	0.66368	0.6593	-2388.5	-1444.1	-425.9	348.9	1266.7	-74.34	-48.43	-26.529	-16.8	-13.279	-109.46	-81.36	-57.421	-47.634	-45.371
1.6	0.93512	0.94354	0.95628	0.96487	0.97226	0.97509	0.62448	0.64423	0.65119	0.66055	0.66598	0.66183	-2533.6	-1551	-490.4	316.3	1268.8	-69.99	-45.08	-24.131	-14.902	-11.651	-113.81	-84.71	-59.819	-49.532	-46.999
1.8	0.94363	0.95253	0.9662	0.97545	0.98347	0.98664	0.62532	0.64697	0.65468	0.66523	0.67172	0.66801	-2811.9	-1756.9	-615.6	252	1271.3	-61.78	-38.72	-19.545	-11.258	-8.521	-122.02	-91.07	-64.405	-53.176	-50.129
2	0.95301	0.96244	0.9768	0.98657	0.9951	0.99852	0.62778	0.65122	0.65965	0.67131	0.6788	0.67545	-3074.9	-1952.6	-735.3	190	1272.7	-54.16	-32.77	-15.218	-7.798	-5.54	-129.64	-97.02	-68.732	-56.636	-53.11
2.2	0.9632	0.97299	0.98797	0.99818	1.0071	1.01066	0.63167	0.65682	0.66593	0.67865	0.68706	0.68399	-3323.3	-2138.1	-849.3	130.7	1274.1	-47.06	-27.2	-11.123	-4.502	2.689	-136.74	-102.59	-72.827	-59.932	-61.339
2.4	0.9741	0.98419	0.99965	1.01021	1.01942	1.02302	0.63685	0.66363	0.67339	0.68711	0.69637	0.69351	-3557.9	-2313.8	-957.6	74.5	1276	-40.44	-21.96	-7.239	-1.355	0.046	-143.36	-107.83	-76.711	-63.079	-58.696
2.5	0.97979	0.99002	1.00568	1.01638	1.0257	1.02927	0.63988	0.66746	0.677339	0.69173	0.7014	0.6986	-3670.3	-2398.1	-1009.6	47.7	1277.3	-37.3	-19.46	-5.371	0.167	1.374	-146.5	-110.33	-78.579	-64.601	-60.024
2.6	0.98565	0.99598	1.01181	1.02263	1.03203	1.03557	0.6432	0.67155	0.68194	0.6966	0.70666	0.70391	-3779.4	-2480.1	-1060.1	21.8	1278.9	-34.26	-17.04	-3.548	1.658	2.678	-149.54	-112.75	-80.402	-66.092	-61.328
2.8	0.9978	1.0083	1.02441	1.0354	1.04489	1.04828	0.65066	0.68052	0.6915	0.70707	0.71784	0.71513	-3988.4	-2637.2	-1156.4	-27.4	1283.4	-28.46	-12.39	-0.034	4.549	5.217	-155.34	-117.4	-83.916	-68.983	-63.867
3	1.0105	1.02111	1.03739	1.04848	1.05798	1.06111	0.65916	0.69047	0.70203	0.71845	0.72988	0.7271	-4185.6	-2785.5	-1247.7	-72.8	1289.7	-23.03	-8	3.318	7.329	7.673	-160.77	-121.79	-87.268	-71.763	-66.323
3.2	1.02369	1.03437	1.05073	1.06185	1.07126	1.07405	0.66865	0.70137	0.71348	0.73071	0.74272	0.73978	-4371.5	-2925.4	-1333.1	-114.5	1298.1	-17.93	-3.86	6.523	10.009	10.053	-165.87	-125.93	-90.473	-74.443	-68.703
3.4	1.03735	1.04803	1.0644	1.07548	1.08472	1.08708	0.67909	0.71319	0.72582	0.74382	0.75635	0.75315	-4546.6	-3057.1	-1412.9	-152.3	1305.5	-13.13	0.08	9.592	12.596	12.364	-170.67	-129.87	-93.542	-77.03	-71.014
3.5	1.04434	1.05501	1.07135	1.08238	1.0915	1.09361	0.68467	0.71944	0.73232	0.75069	0.76345	0.76007	-4630.4	-3120.1	-1450.8	-169.7	1315	-10.84	1.96	11.08	13.858	13.495	-172.96	-131.75	-95.03	-78.292	-72.145
3.6	1.05143	1.06203	1.07838	1.08934	1.09833	1.10016	0.69047	0.7259	0.73904	0.75777	0.77073	0.76716	-4711.6	-3181.1	-1487.3	-186.2	1321.9	-8.61	3.81	12.537	15.1	14.611	-175.19	-133.6	-96.487	-79.534	-73.261
3.8	1.06591	1.07643	1.09263	1.10343	1.11207	1.11329	0.70276	0.73949	0.75312	0.77253	0.78585	0.78179	-4866.9	-3297.6	-1556.4	-216.1	1337.5	-4.36	7.35	15.369	17.527	16.8	-179.44	-137.14	-99.319	-81.961	-75.45
4	1.08075	1.09121	1.10714	1.11771	1.12593	1.12644	0.71595	0.75395	0.76805	0.78809	0.8017	0.79702	-5013	-3406.8	-1620.3	-242.2	1356.1	-0.34	10.73	18.096	19.885	18.934	-183.46	-140.52	-102.046	-84.319	-77.584
4.2	1.09593	1.10625	1.1219	1.13217	1.1399	1.13961	0.73004	0.76928	0.78383	0.80446	0.81826	0.81284	-5150.3	-3509.2	-1679.2	-264.3	1377.5	3.46	13.95	20.729	22.178	21.018	-187.26	-143.74	-104.679	-86.612	-79.668
4.4	1.11144	1.12157	1.13688	1.14681	1.15396	1.15277	0.74504	0.78549	0.80046	0.82163	0.83553	0.82923	-5279.2	-3604.8	-1732.9	-282.4	1401.7	7.06	17.02	23.276	24.414	23.054	-190.86	-146.81	-107.226	-88.848	-81.704
4.5	1.11931	1.12934	1.14445	1.15418	1.16101	1.15934	0.75287	0.79392	0.8091	0.83052	0.84443	0.83763	-5340.6	-3650.2	-1758	-290	1415	8.79	18.51	24.52	25.511	24.055	-192.59	-148.3	-108.47	-89.945	-82.705
4.6	1.12726	1.13717	1.15208	1.1616	1.16809	1.16591	0.76094	0.80257	0.81796	0.8396	0.85351	0.84617	-5400.1	-3694	-1781.8	-296.6	1429	10.48	19.97	25.745	26.596	25.045	-194.28	-149.76	-109.695	-91.03	-83.695
4.8	1.14337	1.15304	1.16748	1.17653	1.18228	1.17901	0.77776	0.82054	0.83631	0.85839	0.87219	0.86365	-5513.3	-3776.9	-1825.7	-306.8	1459.9	13.73	22.8	28.143	28.729	26.992	-197.53	-152.59	-112.093	-93.163	-85.642
5	1.15977	1.16916	1.18307	1.1916	1.19653	1.19208	0.79552	0.83942	0.85556	0.87799	0.89157	0.88165	-5619.2	-3853.8	-1864.9	-312.9	1493	16.82	25.53	30.476	30.817	28.897	-200.62	-155.32	-114.426	-95.251	-87.547
5.4	1.1934	1.20215	1.21482	1.22212	1.22513	1.218	0.83397	0.87999	0.89676	0.91971	0.93243	0.91919	-5809.9	-3989.9	-1928.8	-306.7	1570	22.6	30.69	34.975	34.871	32.583	-206.4	-160.48	-118.925	-99.305	-91.233
5.8	1.22815	1.23612	1.2473	1.25311	1.25383	1.24359	0.87654	0.9245	0.94177	0.96489	0.97613	0.95868	-5974	-4103.3	-1973.7	-296.3	1660.6	27.92	35.54	39.286	38.778	37.798	-211.72	-165.33	-123.236	-103.212	-96.448