0
5.01176250101493
6.83457432453794
10.0252352885986
12.9606233517276
15.9614725386569
18.1428594451995
15.0154461065005
1.41351805124076
-15.6479277704414
-34.1080983033002
-53.2356448982627
-72.6846935081946
-92.2656944839371
-111.865092874338
-131.410856023037
-150.855588521798
-189.32485721657
-227.123455265457
-245.749349594127
-264.187921843182
-300.500402211447
-336.069147174445
-370.918117678377
-405.081011091686
-421.917445496827
-438.597618345095
-471.511491997764
-503.868391104327
-535.715206328171
-567.099192329158
-582.632348800212
-598.067402170788
-628.666257285106
-658.941209633065
-688.936466927995
-718.69476082493
-733.497946147274
-748.257143872806
-777.662804967322
-806.948895736583
-865.299777152552
-923.559853771497
